0
2
4
7
9
12
14
16
19
21
24
26
28
31
33
36
38
40
43
45
48
50
52
55
57
60
62
64
67
69
72
74
76
79
81
84
86
88
91
93
96
98
100
103
105
108
110
112
115
117
120
122
124
127
129
132
134
136
139
141
144
146
148
151
153
156
158
160
163
165
168
170
172
175
177
180
182
184
187
189
192
194
196
199
201
204
206
208
211
213
216
218
220
223
225
228
230
232
235
237
240
242
244
247
249
252
254
256
259
261
264
266
268
271
273
276
278
280
283
285
288
290
292
295
297
300
302
304
307
309
312
314
316
319
321
324
326
328
331
333
336
338
340
343
345
348
350
352
355
357
360
362
364
367
369
372
374
376
379
381
384
386
388
391
393
396
398
400
403
405
408
410
412
415
417
420
422
424
427
429
432
434
436
439
441
444
446
448
451
453
456
458
460
463
465
468
470
472
475
477
480
482
484
487
489
492
494
496
499
501
504
506
508
511
513
516
518
520
523
525
528
530
532
535
537
540
542
544
547
549
552
554
556
559
561
564
566
568
571
573
576
578
580
583
585
588
590
592
595
597
600
602
604
607
609
612
614
616
619
621
624
626
628
631
633
636
638
640
643
645
648
650
652
655
657
660
662
664
667
669
672
674
676
679
681
684
686
688
691
693
696
698
700
703
705
708
710
712
715
717
720
722
724
727
729
732
734
736
739
741
744
746
748
751
753
756
758
760
763
765
768
770
772
775
777
780
782
784
787
789
792
794
796
799
801
804
806
808
811
813
816
818
820
823
825
828
830
832
835
837
840
842
844
847
849
852
854
856
859
861
864
866
868
871
873
876
878
880
883
885
888
890
892
895
897
900
902
904
907
909
912
914
916
919
921
924
926
928
931
933
936
938
940
943
945
948
950
952
955
957
960
962
964
967
969
972
974
976
979
981
984
986
988
991
993
996
998
1000
1003
1005
1008
1010
1012
1015
1017
1020
1022
1024
1027
1029
1032
1034
1036
1039
1041
1044
1046
1048
1051
1053
1056
1058
1060
1063
1065
1068
1070
1072
1075
1077
1080
1082
1084
1087
1089
1092
1094
1096
1099
1101
1104
1106
1108
1111
1113
1116
1118
1120
1123
1125
1128
1130
1132
1135
1137
1140
1142
1144
1147
1149
1152
1154
1156
1159
1161
1164
1166
1168
1171
1173
1176
1178
1180
1183
1185
1188
1190
1192
1195
1197
1200
1202
1204
1207
1209
1212
1214
1216
1219
1221
1224
1226
1228
1231
1233
1236
1238
1240
1243
1245
1248
1250
1252
1255
1257
1260
1262
1264
1267
1269
1272
1274
1276
1279
1281
1284
1286
1288
1291
1293
1296
1298
1300
1303
1305
1308
1310
1312
1315
1317
1320
1322
1324
1327
1329
1332
1334
1336
1339
1341
1344
1346
1348
1351
1353
1356
1358
1360
1363
1365
1368
1370
1372
1375
1377
1380
1382
1384
1387
1389
1392
1394
1396
1399
1401
1404
1406
1408
1411
1413
1416
1418
1420
1423
1425
1428
1430
1432
1435
1437
1440
1442
1444
1447
1449
1452
1454
1456
1459
1461
1464
1466
1468
1471
1473
1476
1478
1480
1483
1485
1488
1490
1492
1495
1497
1500
1502
1504
1507
1509
1512
1514
1516
1519
1521
1524
1526
1528
1531
1533
1536
1538
1540
1543
1545
1548
1550
1552
1555
1557
1560
1562
1564
1567
1569
1572
1574
1576
1579
1581
1584
1586
1588
1591
1593
1596
1598
1600
1603
1605
1608
1610
1612
1615
1617
1620
1622
1624
1627
1629
1632
1634
1636
1639
1641
1644
1646
1648
1651
1653
1656
1658
1660
1663
1665
1668
1670
1672
1675
1677
1680
1682
1684
1687
1689
1692
1694
1696
1699
1701
1704
1706
1708
1711
1713
1716
1718
1720
1723
1725
1728
1730
1732
1735
1737
1740
1742
1744
1747
1749
1752
1754
1756
1759
1761
1764
1766
1768
1771
1773
1776
1778
1780
1783
1785
1788
1790
1792
1795
1797
1800
1802
1804
1807
1809
1812
1814
1816
1819
1821
1824
1826
1828
1831
1833
1836
1838
1840
1843
1845
1848
1850
1852
1855
1857
1860
1862
1864
1867
1869
1872
1874
1876
1879
1881
1884
1886
1888
1891
1893
1896
1898
1900
1903
1905
1908
1910
1912
1915
1917
1920
1922
1924
1927
1929
1932
1934
1936
1939
1941
1944
1946
1948
1951
1953
1956
1958
1960
1963
1965
1968
1970
1972
1975
1977
1980
1982
1984
1987
1989
1992
1994
1996
1999
2001
2004
2006
2008
2011
2013
2016
2018
2020
2023
2025
2028
2030
2032
2035
2037
2040
2042
2044
2047
2049
2052
2054
2056
2059
2061
2064
2066
2068
2071
2073
2076
2078
2080
2083
2085
2088
2090
2092
2095
2097
2100
2102
2104
2107
2109
2112
2114
2116
2119
2121
2124
2126
2128
2131
2133
2136
2138
2140
2143
2145
2148
2150
2152
2155
2157
2160
2162
2164
2167
2169
2172
2174
2176
2179
2181
2184
2186
2188
2191
2193
2196
2198
2200
2203
2205
2208
2210
2212
2215
2217
2220
2222
2224
2227
2229
2232
2234
2236
2239
2241
2244
2246
2248
2251
2253
2256
2258
2260
2263
2265
2268
2270
2272
2275
2277
2280
2282
2284
2287
2289
2292
2294
2296
2299
2301
2304
2306
2308
2311
2313
2316
2318
2320
2323
2325
2328
2330
2332
2335
2337
2340
2342
2344
2347
2349
2352
2354
2356
2359
2361
2364
2366
2368
2371
2373
2376
2378
2380
2383
2385
2388
2390
2392
2395
2397
2400
